    y (mm)  Voltage (V)
0      0.3     0.049720
1      0.4     0.051959
2      0.5     0.055536
3      0.6     0.060735
4      0.7     0.067132
5      0.8     0.074040
6      0.9     0.083612
7      1.0     0.092777
8      1.1     0.103626
9      1.2     0.112261
10     1.3     0.123009
11     1.4     0.132949
12     1.5     0.145665
13     1.6     0.155793
14     1.7     0.164765
15     1.8     0.169588
16     1.9     0.178748
17     2.0     0.181360
18     2.1     0.186305
19     2.2     0.191727
20     2.3     0.196007
21     2.4     0.194539
22     2.5     0.196543
23     2.6     0.199656
24     2.7     0.199325
25     2.8     0.200508
26     2.9     0.202750
27     3.0     0.200722
28     3.1     0.201817
29     3.2     0.201332
30     3.3     0.201450
31     3.4     0.202334
32     3.5     0.201826
33     3.6     0.202698
34     3.7     0.202250
35     3.8     0.203115
36     3.9     0.202574
37     4.0     0.202738
38     4.1     0.202695
39     4.2     0.203294
40     4.3     0.203134
41     4.4     0.203891