    y (mm)  Voltage (V)
0      0.3     0.050058
1      0.4     0.053349
2      0.5     0.058597
3      0.6     0.066040
4      0.7     0.074410
5      0.8     0.085651
6      0.9     0.097863
7      1.0     0.109305
8      1.1     0.121933
9      1.2     0.137621
10     1.3     0.147211
11     1.4     0.156765
12     1.5     0.170528
13     1.6     0.179621
14     1.7     0.183254
15     1.8     0.187111
16     1.9     0.191586
17     2.0     0.195933
18     2.1     0.197185
19     2.2     0.198913
20     2.3     0.199623
21     2.4     0.200553
22     2.5     0.202102
23     2.6     0.202851
24     2.7     0.203137
25     2.8     0.203056
26     2.9     0.203362
27     3.0     0.202388
28     3.1     0.202731
29     3.2     0.202329
30     3.3     0.202618
31     3.4     0.203396
32     3.5     0.202981
33     3.6     0.203027
34     3.7     0.203414
35     3.8     0.203425
36     3.9     0.202254